 0
 11
 22
 33
 42
 54
 65
 76
 85
 97
 108
 118
 128
 140
 151
 161
 171
 183
 193
 204
 214
 226
 236
 247
 257
 268
 279
 290
 300
 311
 322
 333
 343
 354
 365
 376
 385
 397
 408
 419
 428
 440
 451
 461
 471
 483
 494
 504
 514
 526
 536
 547
 557
 569
 579
 590
 600
 611
 622
 633
 643
 654
 665
 676
 686
 697
 708
 719
 728
 740
 751
 762
 771
 783
 794
 804
 814
 826
 837
 847
 857
 869
 879
 890
 900
 912
 922
 933
 943
 954
 965
 976
 986
 997
 1008
 1019
 1029
 1040
 1051
 1062
 1071
 1083
 1094
 1105
 1114
 1126
 1137
 1147
 1157
 1169
 1180
 1190
 1200
 1212
 1222
 1233
 1243
 1255
 1265
 1276
 1286
 1297
 1308
 1319
 1329
 1340
 1351
 1362
 1372
 1383
 1394
 1405
 1414
 1426
 1437
 1448
 1457
 1469
 1480
 1490
 1500
 1512
 1523
 1533
 1543
 1555
 1565
 1576
 1586
 1598
 1608
 1619
 1629
 1640
 1651
 1662
 1672
 1683
 1694
 1705
 1715
 1726
 1737
 1748
 1757
 1769
 1780
 1791
 1800
 1812
 1823
 1833
 1843
 1855
 1866
 1876
 1886
 1898
 1908
 1919
 1929
 1941
 1951
 1962
 1972
 1983
 1994
 2005
 2015
 2026
 2037
 2048
 2058
 2069
 2080
 2091
 2100
 2112
 2123
 2134
 2143
 2155
 2166
 2176
 2186
 2198
 2209
 2219
 2229
 2241
 2251
 2262
 2272
 2284
 2294
 2305
 2315
 2326
 2337
 2348
 2358
 2369
 2380
 2391
 2401
 2412
 2423
 2434
 2443
 2455
 2466
 2477
 2486
 2498
 2509
 2519
 2529
 2541
 2552
 2562
 2572
 2584
 2594
 2605
 2615
 2627
 2637
 2648
 2658
 2669
 2680
 2691
 2701
 2712
 2723
 2734
 2744
 2755
 2766
 2777
 2786
 2798
 2809
 2819
 2829
 2841
 2852
 2862
 2872
 2884
 2894
 2905
 2915
 2926
 2937
 2948
 2958
 2969
 2980
 2991
 3000
 3012
 3023
 3033
 3043
 3055
 3066
 3076
 3086
 3098
 3108
 3119
 3129
 3141
 3151
 3162
 3172
 3183
 3194
 3205
 3214
 3226
 3237
 3248
 3257
 3269
 3280
 3290
 3300
 3312
 3322
 3333
 3343
 3355
 3365
 3376
 3386
 3397
 3408
 3419
 3429
 3440
 3451
 3462
 3471
 3483
 3494
 3505
 3514
 3526
 3537
 3547
 3557
 3569
 3580
 3590
 3600
 3612
 3622
 3633
 3643
 3655
 3665
 3676
 3686
 3697
 3708
 3719
 3729
 3740
 3751
 3762
 3772
 3783
 3794
 3805
 3814
 3826
 3837
 3848
 3857
 3869
 3880
 3890
 3900
 3912
 3923
 3933
 3943
 3955
 3965
 3976
 3986
 3998
 4008
 4019
 4029
 4040
 4051
 4062
 4072
 4083
 4094
 4105
 4115
 4126
 4137
 4148
 4157
 4169
 4180
 4190
 4200
 4212
 4222
 4233
 4243
 4254
 4265
 4276
 4286
 4297
 4308
 4319
 4328
 4340
 4351
 4361
 4371
 4383
 4393
 4404
 4414
 4425
 4436
 4447
 4457
 4468
 4479
 4490
 4499
 4511
 4522
 4532
 4542
 4554
 4564
 4575
 4585
 4596
 4607
 4618
 4628
 4639
 4650
 4661
 4670
 4682
 4693
 4703
 4713
 4725
 4735
 4746
 4756
 4767
 4778
 4789
 4799
 4810
 4821
 4832
 4841
 4853
 4864
 4874
 4884
 4896
 4906
 4917
 4927
 4938
 4949
 4960
 4970
 4981
 4992
 5003
 5012
 5024
 5035
 5045
 5055
 5067
 5077
 5088
 5098
 5109
 5120
 5131
 5141
 5152
 5163
 5174
 5183
 5195
 5206
 5216
 5226
 5238
 5248
 5259
 5269
 5280
 5291
 5302
 5312
 5323
 5334
 5345
 5354
 5366
 5377
 5387
 5397
 5409
 5419
 5430
 5440
 5451
 5462
 5473
 5483
 5494
 5505
 5516
 5525
 5537
 5548
 5558
 5568
 5580
 5590
 5601
 5611
 5622
 5633
 5644
 5654
 5665
 5676
 5687
 5696
 5708
 5719
 5729
 5739
 5751
 5761
 5772
 5782
 5793
 5804
 5815
 5825
 5836
 5847
 5858
 5867
 5879
 5890
 5900
 5910
 5922
 5932
 5943
 5953
 5964
 5975
 5986
 5996
 6007
 6018
 6029
 6038
 6050
 6061
 6071
 6081
 6093
 6103
 6114
 6124
 6135
 6146
 6157
 6167
 6178
 6189
 6200
 6209
 6221
 6232
 6242
 6252
 6264
 6274
 6285
 6295
 6306
 6317
 6328
 6337
 6349
 6360
 6370
 6380
 6392
 6402
 6413
 6423
 6434
 6445
 6456
 6465
 6477
 6488
 6498
 6508
 6520
 6530
 6541
 6551
 6562
 6573
 6584
 6593
 6605
 6616
 6626
 6636
 6648
 6658
 6669
 6679
 6690
 6701
 6712
 6721
 6733
 6744
 6754
 6764
 6776
 6786
 6797
 6807
 6818
 6829
 6840
 6850
 6861
 6872
 6882
 6892
 6904
 6914
 6925
 6935
 6946
 6957
 6968
 6977
 6989
 7000
 7010
 7020
 7032
 7042
 7053
 7063
 7074
 7085
 7096
 7105
 7117
 7128
 7138
 7148
 7160
 7170
 7181
 7191
 7202
 7213
 7223
 7233
 7245
 7255
 7266
 7276
 7287
 7298
 7309
 7318
 7330
 7341
 7351
 7361
 7373
 7383
 7394
 7404
 7415
 7426
 7437
 7446
 7458
 7469
 7479
 7489
 7501
 7511
 7522
 7532
 7543
 7554
 7564
 7574
 7586
 7596
 7607
 7617
 7628
 7639
 7650
 7659
 7671
 7681
 7692
 7702
 7713
 7724
 7735
 7744
 7756
 7767
 7777
 7787
 7799
 7809
 7820
 7829
 7841
 7852
 7862
 7872
 7884
 7894
 7905
 7915
 7926
 7937
 7947
 7957
 7969
 7979
 7990
 8000
 8011
 8022
 8033
 8042
 8054
 8065
 8075
 8085
 8096
 8107
 8118
 8127
 8139
 8150
 8160
 8170
 8182
 8192
 8203
 8213
 8224
 8235
 8245
 8255
 8267
 8277
 8288
 8298
 8309
 8320
 8331
 8340
 8352
 8362
 8373
 8383
 8394
 8405
 8416
 8425
 8437
 8448
 8458
 8468
 8480
 8490
 8501
 8510
 8522
 8533
 8543
 8553
 8565
 8575
 8586
 8596
 8607
 8618
 8628
 8638
 8650
 8660
 8671
 8681
 8692
 8703
 8714
 8723
 8735
 8746
 8756
 8766
 8777
 8788
 8799
 8808
 8820
 8831
 8841
 8851
 8863
 8873
 8884
 8894
 8905
 8916
 8926
 8936
 8948
 8958
 8969
 8978
 8990
 9001
 9011
 9021
 9032
 9043
 9054
 9063
 9075
 9085
 9096
 9106
 9117
 9128
 9139
 9148
 9160
 9170
 9181
 9191
 9202
 9213
 9223
 9233
 9245
 9255
 9266
 9275
 9287
 9298
 9308
 9318
 9329
 9340
 9351
 9360
 9372
 9383
 9393
 9403
 9414
 9425
 9436
 9445
 9457
 9467
 9478
 9488
 9499
 9510
 9520
 9530
 9542
 9552
 9563
 9573
 9584
 9595
 9605
 9615
 9627
 9637
 9648
 9657
 9669
 9680
 9690
 9700
 9711
 9722
 9733
 9742
 9754
 9764
 9775
 9785
 9796
 9807
 9818
 9827
 9839
 9849
 9860
 9870
 9881
 9892
 9902
 9912
 9924
 9934
 9945
 9954
 9966
 9977
 9987
 9997
 10008
 10019
 10030
 10039
 10051
 10062
 10072
 10082
 10093
 10104
 10115
 10124
 10136
 10146
 10157
 10167
 10178
 10189
 10199
 10209
 10221
 10231
 10242
 10252
 10263
 10274
 10284
 10294
 10305
 10316
 10327
 10336
 10348
 10358
 10369
 10378
 10390
 10401
 10411
 10421
 10432
 10443
 10453
 10463
 10475
 10485
 10496
 10505
 10517
 10528
 10538
 10548
 10559
 10570
 10580
 10590
 10602
 10612
 10623
 10632
 10644
 10654
 10665
 10675
 10686
 10697
 10707
 10717
 10729
 10739
 10750
 10759
 10771
 10781
 10792
 10802
 10813
 10824
 10834
 10844
 10855
 10866
 10877
 10886
 10898
 10908
 10919
 10929
 10940
 10951
 10961
 10971
 10982
 10993
 11003
 11013
 11025
 11035
 11046
 11055
 11067
 11077
 11088
 11098
 11109
 11120
 11130
 11140
 11151
 11162
 11172
 11182
 11194
 11204
 11215
 11224
 11236
 11246
 11257
 11267
 11278
 11289
 11299
 11309
 11320
 11331
 11341
 11351
 11363
 11373
 11384
 11393
 11405
 11415
 11426
 11436
 11447
 11458
 11468
 11478
 11489
 11500
 11510
 11520
 11532
 11542
 11553
 11562
 11574
 11584
 11595
 11605
 11616
 11627
 11637
 11647
 11658
 11669
 11679
 11689
 11700
 11711
 11722
 11731
 11743
 11753
 11764
 11773
 11785
 11795
 11806
 11815
 11827
 11838
 11848
 11858
 11869
 11880
 11890
 11900
 11911
 11922
 11932
 11942
 11954
 11964
 11975
 11984
 11996
 12006
 12017
 12026
 12038
 12048
 12059
 12069
 12080
 12091
 12101
 12111
 12122
 12133
 12143
 12153
 12164
 12175
 12186
 12195
 12207
 12217
 12228
 12237
 12249
 12259
 12270
 12280
 12291
 12302
 12312
 12322
 12333
 12344
 12354
 12364
 12375
 12386
 12396
 12406
 12417
 12428
 12438
 12448
 12459
 12470
 12480
 12490
 12501
 12512
 12522
 12532
 12543
 12554
 12564
 12574
 12585
 12596
 12606
 12616
 12628
 12638
 12649
 12658
 12670
 12680
 12691
 12700
 12712
 12722
 12733
 12742
 12754
 12764
 12775
 12784
 12796
 12806
 12817
 12826
 12838
 12848
 12859
 12868
 12880
 12890
 12901
 12910
 12922
 12932
 12943
 12953
 12964
 12975
 12985
 12995
 13006
 13017
 13027
 13037
 13048
 13059
 13069
 13079
 13090
 13101
 13111
 13121
 13132
 13143
 13153
 13163
 13174
 13185
 13195
 13205
 13216
 13227
 13237
 13247
 13258
 13269
 13279
 13289
 13300
 13311
 13321
 13331
 13342
 13353
 13363
 13373
 13384
 13395
 13405
 13415
 13426
 13437
 13447
 13457
 13468
 13479
 13489
 13499
 13510
 13521
 13531
 13541
 13552
 13563
 13573
 13583
 13594
 13605
 13615
 13625
 13636
 13646
 13657
 13666
 13678
 13688
 13699
 13708
 13720
 13730
 13741
 13750
 13762
 13772
 13783
 13792
 13804
 13814
 13825
 13834
 13846
 13856
 13867
 13876
 13888
 13898
 13909
 13918
 13930
 13940
 13951
 13960
 13971
 13982
 13992
 14002
 14013
 14024
 14034
 14044
 14055
 14066
 14076
 14086
 14097
 14108
 14118
 14128
 14139
 14150
 14160
 14170
 14181
 14192
 14202
 14212
 14223
 14234
 14244
 14254
 14265
 14276
 14286
 14296
 14307
 14317
 14328
 14337
 14349
 14359
 14370
 14379
 14391
 14401
 14411
 14421
 14432
 14443
 14453
 14463
 14474
 14485
 14495
 14505
 14516
 14526
 14537
 14546
 14558
 14568
 14579
 14588
 14600
 14610
 14621
 14630
 14641
 14652
 14662
 14672
 14683
 14694
 14704
 14714
 14725
 14736
 14746
 14755
 14767
 14777
 14788
 14797
 14809
 14819
 14830
 14839
 14851
 14861
 14871
 14881
 14892
 14903
 14913
 14923
 14934
 14945
 14955
 14965
 14976
 14986
 14997
 15006
 15018
 15028
 15038
 15048
 15059
 15070
 15080
 15090
 15101
 15111
 15122
 15131
 15143
 15153
 15164
 15173
 15184
 15195
 15205
 15215
 15226
 15236
 15247
 15256
 15268
 15278
 15289
 15298
 15309
 15320
 15330
 15340
 15351
 15362
 15372
 15381
 15393
 15403
 15414
 15423
 15434
 15445
 15455
 15465
 15476
 15487
 15497
 15506
 15518
 15528
 15539
 15548
 15560
 15570
 15580
 15590
 15601
 15612
 15622
 15632
 15643
 15653
 15664
 15673
 15685
 15695
 15705
 15715
 15726
 15737
 15747
 15756
 15768
 15778
 15789
 15798
 15809
 15820
 15830
 15840
 15851
 15861
 15872
 15881
 15893
 15903
 15913
 15923
 15934
 15945
 15955
 15965
 15976
 15986
 15997
 16006
 16018
 16028
 16038
 16048
 16059
 16070
 16080
 16089
 16101
 16111
 16122
 16131
 16142
 16153
 16163
 16173
 16184
 16194
 16205
 16214
 16226
 16236
 16246
 16256
 16267
 16278
 16288
 16298
 16309
 16319
 16330
 16339
 16350
 16361
 16371
 16380
 16392
 16402
 16412
 16422
 16433
 16444
 16454
 16463
 16475
 16485
 16495
 16505
 16516
 16526
 16537
 16546
 16557
 16568
 16578
 16588
 16599
 16609
 16620
 16629
 16640
 16651
 16661
 16670
 16682
 16692
 16703
 16712
 16723
 16734
 16744
 16753
 16765
 16775
 16785
 16795
 16806
 16816
 16827
 16836
 16848
 16858
 16868
 16878
 16889
 16899
 16910
 16919
 16930
 16941
 16951
 16961
 16972
 16982
 16993
 17002
 17013
 17024
 17034
 17043
 17055
 17065
 17075
 17085
 17096
 17106
 17117
 17126
 17137
 17148
 17158
 17167
 17179
 17189
 17199
 17209
 17220
 17230
 17241
 17250
 17261
 17272
 17282
 17292
 17303
 17313
 17324
 17333
 17344
 17355
 17365
 17374
 17386
 17396
 17406
 17416
 17427
 17437
 17448
 17457
 17468
 17479
 17489
 17498
 17510
 17520
 17530
 17540
 17551
 17561
 17572
 17581
 17592
 17603
 17613
 17623
 17634
 17644
 17654
 17664
 17675
 17685
 17696
 17705
 17716
 17727
 17737
 17746
 17758
 17768
 17778
 17788
 17799
 17809
 17819
 17829
 17840
 17850
 17861
 17870
 17881
 17892
 17902
 17911
 17923
 17933
 17943
 17953
 17964
 17974
 17984
 17994
 18005
 18015
 18026
 18035
 18046
 18057
 18067
 18076
 18088
 18098
 18108
 18118
 18129
 18139
 18149
 18159
 18170
 18180
 18191
 18200
 18211
 18222
 18232
 18241
 18253
 18263
 18273
 18283
 18294
 18304
 18314
 18324
 18335
 18345
 18355
 18365
 18376
 18386
 18397
 18406
 18417
 18427
 18438
 18447
 18458
 18469
 18479
 18488
 18499
 18510
 18520
 18529
 18541
 18551
 18561
 18570
 18582
 18592
 18602
 18612
 18623
 18633
 18643
 18653
 18664
 18674
 18684
 18694
 18705
 18715
 18726
 18735
 18746
 18756
 18767
 18776
 18787
 18798
 18808
 18817
 18828
 18839
 18849
 18858
 18870
 18880
 18890
 18899
 18911
 18921
 18931
 18941
 18952
 18962
 18972
 18982
 18993
 19003
 19013
 19023
 19034
 19044
 19054
 19064
 19075
 19085
 19095
 19105
 19116
 19126
 19136
 19146
 19157
 19167
 19177
 19187
 19198
 19208
 19218
 19228
 19239
 19249
 19259
 19269
 19280
 19290
 19300
 19310
 19321
 19331
 19341
 19351
 19362
 19372
 19382
 19392
 19403
 19413
 19423
 19433
 19444
 19454
 19464
 19474
 19485
 19495
 19505
 19515
 19526
 19536
 19546
 19556
 19567
 19577
 19587
 19597
 19608
 19618
 19628
 19637
 19649
 19659
 19669
 19678
 19689
 19700
 19710
 19719
 19730
 19741
 19751
 19760
 19771
 19781
 19792
 19801
 19812
 19822
 19833
 19842
 19853
 19863
 19873
 19883
 19894
 19904
 19914
 19924
 19935
 19945
 19955
 19964
 19976
 19986
 19996
 20005
 20016
 20027
 20037
 20046
 20057
 20068
 20078
 20087
 20098
 20108
 20119
 20128
 20139
 20149
 20160
 20169
 20180
 20190
 20200
 20210
 20221
 20231
 20241
 20251
 20262
 20272
 20282
 20291
 20302
 20313
 20323
 20332
 20343
 20353
 20364
 20373
 20384
 20394
 20404
 20414
 20425
 20435
 20445
 20454
 20465
 20476
 20486
 20495
 20506
 20516
 20527
 20536
 20547
 20557
 20567
 20577
 20588
 20598
 20608
 20617
 20628
 20639
 20649
 20658
 20669
 20679
 20690
 20699
 20710
 20720
 20730
 20740
 20751
 20761
 20771
 20780
 20791
 20802
 20812
 20821
 20832
 20842
 20853
 20862
 20873
 20883
 20893
 20903
 20914
 20924
 20934
 20943
 20954
 20964
 20974
 20984
 20995
 21005
 21015
 21024
 21035
 21045
 21056
 21065
 21076
 21086
 21096
 21105
 21116
 21127
 21137
 21146
 21157
 21167
 21177
 21186
 21198
 21208
 21218
 21227
 21238
 21248
 21258
 21268
 21279
 21289
 21299
 21308
 21319
 21329
 21340
 21349
 21360
 21370
 21380
 21389
 21400
 21411
 21421
 21430
 21441
 21451
 21461
 21470
 21482
 21492
 21502
 21511
 21522
 21532
 21542
 21552
 21563
 21573
 21583
 21592
 21603
 21613
 21623
 21632
 21643
 21654
 21664
 21673
 21684
 21694
 21704
 21713
 21724
 21734
 21745
 21754
 21765
 21775
 21785
 21794
 21805
 21815
 21825
 21835
 21846
 21856
 21866
 21875
 21886
 21896
 21906
 21915
 21927
 21937
 21947
 21956
 21967
 21977
 21987
 21996
 22007
 22018
 22028
 22037
 22048
 22058
 22068
 22077
 22088
 22098
 22109
 22118
 22129
 22139
 22149
 22158
 22169
 22179
 22189
 22199
 22210
 22220
 22230
 22239
 22250
 22260
 22270
 22279
 22290
 22300
 22310
 22319
 22331
 22341
 22351
 22360
 22371
 22381
 22391
 22400
 22411
 22421
 22431
 22440
 22451
 22462
 22472
 22481
 22492
 22502
 22512
 22521
 22532
 22542
 22552
 22561
 22572
 22582
 22593
 22602
 22613
 22623
 22633
 22642
 22653
 22663
 22673
 22682
 22693
 22703
 22713
 22723
 22734
 22744
 22754
 22763
 22774
 22784
 22794
 22803
 22814
 22824
 22834
 22844
 22855
 22865
 22875
 22884
 22895
 22905
 22915
 22924
 22935
 22945
 22955
 22964
 22975
 22985
 22995
 23004
 23015
 23025
 23035
 23044
 23055
 23065
 23075
 23084
 23095
 23105
 23115
 23124
 23135
 23145
 23155
 23165
 23176
 23186
 23196
 23205
 23216
 23226
 23236
 23245
 23256
 23266
 23276
 23285
 23296
 23306
 23316
 23325
 23336
 23346
 23356
 23365
 23376
 23386
 23396
 23405
 23416
 23426
 23436
 23445
 23456
 23466
 23476
 23486
 23496
 23506
 23516
 23525
 23536
 23546
 23556
 23565
 23576
 23586
 23596
 23605
 23616
 23626
 23636
 23645
 23656
 23666
 23676
 23685
 23696
 23706
 23716
 23725
 23736
 23746
 23756
 23765
 23776
 23786
 23796
 23805
 23816
 23826
 23836
 23845
 23856
 23866
 23876
 23885
 23896
 23906
 23916
 23925
 23936
 23946
 23956
 23965
 23976
 23986
 23996
 24005
 24016
 24026
 24036
 24045
 24056
 24066
 24076
 24085
 24096
 24106
 24116
 24125
 24135
 24145
 24155
 24164
 24175
 24185
 24195
 24204
 24215
 24225
 24235
 24244
 24255
 24265
 24275
 24284
 24295
 24305
 24315
 24324
 24335
 24344
 24354
 24363
 24374
 24384
 24394
 24403
 24414
 24424
 24434
 24443
 24454
 24464
 24474
 24483
 24494
 24504
 24514
 24523
 24534
 24544
 24553
 24562
 24573
 24583
 24593
 24602
 24613
 24623
 24633
 24642
 24653
 24663
 24673
 24682
 24693
 24703
 24713
 24722
 24733
 24743
 24753
 24762
 24772
 24782
 24792
 24801
 24812
 24822
 24832
 24841
 24852
 24862
 24871
 24880
 24891
 24901
 24911
 24920
 24931
 24941
 24951
 24960
 24971
 24980
 24990
 24999
 25010
 25020
 25030
 25039
 25050
 25060
 25070
 25079
 25089
 25099
 25109
 25118
 25129
 25139
 25149
 25158
 25169
 25179
 25188
 25197
 25208
 25218
 25228
 25237
 25248
 25258
 25268
 25277
 25288
 25297
 25307
 25316
 25327
 25337
 25347
 25356
 25367
 25377
 25387
 25396
 25406
 25416
 25426
 25435
 25446
 25456
 25466
 25474
 25485
 25495
 25505
 25514
 25525
 25535
 25544
 25553
 25564
 25574
 25584
 25593
 25604
 25613
 25623
 25632
 25643
 25653
 25663
 25672
 25682
 25692
 25702
 25711
 25722
 25732
 25742
 25750
 25761
 25771
 25781
 25790
 25801
 25811
 25820
 25829
 25840
 25850
 25860
 25869
 25880
 25889
 25899
 25908
 25919
 25929
 25939
 25948
 25958
 25968
 25978
 25987
 25998
 26008
 26018
 26027
 26037
 26047
 26057
 26066
 26077
 26086
 26096
 26105
 26116
 26126
 26135
 26144
 26155
 26165
 26175
 26184
 26194
 26204
 26214
 26223
 26234
 26243
 26253
 26262
 26273
 26283
 26292
 26301
 26312
 26322
 26332
 26341
 26351
 26361
 26371
 26380
 26391
 26400
 26410
 26419
 26430
 26440
 26449
 26458
 26469
 26479
 26489
 26498
 26508
 26518
 26528
 26537
 26548
 26557
 26567
 26576
 26587
 26597
 26606
 26615
 26626
 26636
 26646
 26655
 26665
 26675
 26685
 26694
 26704
 26714
 26724
 26733
 26744
 26753
 26763
 26772
 26783
 26792
 26802
 26811
 26822
 26832
 26841
 26850
 26861
 26871
 26880
 26889
 26900
 26910
 26920
 26928
 26939
 26949
 26959
 26968
 26978
 26988
 26998
 27007
 27017
 27027
 27037
 27046
 27057
 27066
 27076
 27085
 27096
 27105
 27115
 27124
 27135
 27145
 27154
 27163
 27174
 27184
 27193
 27202
 27213
 27223
 27233
 27241
 27252
 27262
 27272
 27281
 27291
 27301
 27311
 27319
 27330
 27340
 27350
 27358
 27369
 27379
 27388
 27397
 27408
 27418
 27427
 27436
 27447
 27456
 27466
 27475
 27486
 27495
 27505
 27514
 27524
 27534
 27544
 27553
 27563
 27573
 27583
 27592
 27602
 27612
 27622
 27630
 27641
 27651
 27661
 27669
 27680
 27690
 27699
 27708
 27719
 27729
 27738
 27747
 27758
 27767
 27777
 27786
 27797
 27806
 27816
 27825
 27835
 27845
 27855
 27864
 27874
 27884
 27894
 27903
 27913
 27923
 27933
 27941
 27952
 27962
 27971
 27980
 27991
 28000
 28010
 28019
 28029
 28039
 28049
 28058
 28068
 28078
 28088
 28096
 28107
 28117
 28126
 28135
 28146
 28155
 28165
 28174
 28184
 28194
 28204
 28213
 28223
 28233
 28243
 28251
 28262
 28272
 28281
 28290
 28301
 28310
 28320
 28329
 28339
 28349
 28359
 28368
 28378
 28388
 28398
 28406
 28417
 28427
 28436
 28445
 28456
 28465
 28475
 28484
 28494
 28504
 28514
 28523
 28533
 28543
 28552
 28561
 28572
 28581
 28591
 28600
 28610
 28620
 28629
 28638
 28649
 28658
 28668
 28677
 28687
 28697
 28706
 28715
 28726
 28735
 28745
 28754
 28764
 28774
 28783
 28792
 28803
 28812
 28822
 28831
 28841
 28851
 28860
 28869
 28880
 28889
 28899
 28908
 28918
 28928
 28937
 28946
 28957
 28966
 28976
 28985
 28995
 29005
 29014
 29023
 29034
 29043
 29053
 29062
 29072
 29082
 29091
 29100
 29111
 29120
 29130
 29139
 29149
 29159
 29168
 29177
 29187
 29197
 29207
 29215
 29226
 29235
 29245
 29253
 29264
 29274
 29283
 29292
 29302
 29312
 29321
 29330
 29341
 29350
 29360
 29368
 29379
 29389
 29398
 29407
 29417
 29427
 29436
 29445
 29456
 29465
 29475
 29483
 29494
 29503
 29513
 29522
 29532
 29542
 29551
 29560
 29571
 29580
 29590
 29598
 29609
 29618
 29628
 29637
 29647
 29657
 29666
 29675
 29685
 29695
 29705
 29713
 29724
 29733
 29743
 29752
 29762
 29772
 29781
 29790
 29800
 29810
 29819
 29828
 29838
 29848
 29857
 29866
 29876
 29886
 29895
 29904
 29915
 29924
 29934
 29942
 29953
 29962
 29972
 29980
 29991
 30000
 30010
 30018
 30029
 30038
 30048
 30057
 30067
 30077
 30086
 30095
 30105
 30115
 30124
 30133
 30143
 30153
 30162
 30171
 30181
 30191
 30200
 30209
 30220
 30229
 30239
 30247
 30258
 30267
 30277
 30285
 30296
 30305
 30315
 30323
 30334
 30343
 30353
 30362
 30372
 30381
 30391
 30399
 30410
 30419
 30429
 30437
 30448
 30457
 30467
 30475
 30486
 30495
 30505
 30513
 30524
 30533
 30543
 30551
 30562
 30571
 30581
 30589
 30600
 30609
 30619
 30627
 30638
 30647
 30657
 30665
 30675
 30685
 30694
 30703
 30713
 30723
 30732
 30741
 30751
 30761
 30770
 30779
 30789
 30799
 30808
 30817
 30827
 30837
 30846
 30855
 30865
 30875
 30884
 30893
 30903
 30913
 30922
 30931
 30941
 30951
 30960
 30969
 30979
 30988
 30998
 31006
 31017
 31026
 31035
 31044
 31054
 31064
 31073
 31082
 31092
 31101
 31111
 31119
 31130
 31139
 31149
 31157
 31167
 31177
 31186
 31195
 31205
 31214
 31224
 31232
 31243
 31252
 31262
 31270
 31280
 31290
 31299
 31308
 31318
 31328
 31337
 31345
 31356
 31365
 31375
 31383
 31393
 31403
 31412
 31421
 31431
 31441
 31450
 31458
 31469
 31478
 31488
 31496
 31507
 31516
 31525
 31534
 31544
 31554
 31563
 31572
 31582
 31591
 31601
 31609
 31619
 31629
 31638
 31646
 31657
 31666
 31675
 31684
 31694
 31704
 31713
 31721
 31732
 31741
 31750
 31759
 31769
 31778
 31788
 31796
 31806
 31816
 31825
 31834
 31844
 31853
 31863
 31871
 31881
 31891
 31900
 31908
 31919
 31928
 31938
 31946
 31956
 31966
 31975
 31983
 31994
 32003
 32012
 32021
 32031
 32040
 32050
 32058
 32069
 32078
 32087
 32096
 32106
 32115
 32125
 32133
 32143
 32153
 32162
 32171
 32181
 32190
 32199
 32208
 32218
 32227
 32237
 32245
 32255
 32265
 32274
 32282
 32293
 32302
 32311
 32320
 32330
 32339
 32349
 32357
 32367
 32377
 32386
 32394
 32405
 32414
 32423
 32432
 32442
 32451
 32461
 32469
 32479
 32489
 32498
 32506
 32517
 32526
 32535
 32544
 32554
 32563
 32573
 32581
 32591
 32601
 32610
 32618
 32629
 32638
 32647
 32656
 32666
 32675
 32685
 32693
 32703
 32713
 32722
 32730
 32741
 32750
 32759
 32768
 32778
 32787
 32796
 32805
 32815
 32824
 32833
 32842
 32852
 32861
 32870
 32879
 32889
 32898
 32907
 32916
 32926
 32935
 32944
 32953
 32963
 32972
 32981
 32990
 33000
 33009
 33018
 33027
 33037
 33046
 33055
 33064
 33074
 33083
 33092
 33101
 33111
 33120
 33129
 33138
 33148
 33157
 33166
 33175
 33185
 33194
 33203
 33212
 33222
 33231
 33240
 33249
 33259
 33268
 33277
 33286
 33296
 33305
 33314
 33323
 33333
 33342
 33351
 33360
 33370
 33379
 33388
 33396
 33407
 33416
 33425
 33433
 33443
 33453
 33462
 33470
 33480
 33489
 33499
 33507
 33517
 33526
 33535
 33544
 33554
 33563
 33572
 33580
 33591
 33600
 33609
 33617
 33627
 33637
 33646
 33654
 33664
 33673
 33683
 33691
 33701
 33710
 33719
 33728
 33738
 33747
 33756
 33764
 33775
 33784
 33793
 33801
 33811
 33821
 33830
 33838
 33848
 33857
 33867
 33875
 33885
 33894
 33903
 33912
 33922
 33931
 33940
 33949
 33959
 33968
 33977
 33985
 33995
 34004
 34013
 34022
 34032
 34041
 34050
 34058
 34068
 34077
 34087
 34095
 34105
 34114
 34123
 34131
 34141
 34151
 34160
 34168
 34178
 34187
 34196
 34204
 34215
 34224
 34233
 34241
 34251
 34260
 34269
 34278
 34288
 34297
 34306
 34314
 34324
 34333
 34343
 34351
 34361
 34370
 34379
 34387
 34397
 34407
 34416
 34424
 34434
 34443
 34452
 34460
 34471
 34480
 34489
 34497
 34507
 34516
 34525
 34534
 34544
 34553
 34562
 34570
 34580
 34589
 34598
 34606
 34616
 34625
 34634
 34642
 34653
 34662
 34671
 34679
 34689
 34698
 34707
 34715
 34725
 34734
 34743
 34751
 34761
 34771
 34780
 34788
 34798
 34807
 34816
 34824
 34834
 34843
 34852
 34860
 34870
 34879
 34889
 34897
 34907
 34916
 34925
 34933
 34943
 34952
 34961
 34969
 34979
 34988
 34997
 35006
 35016
 35025
 35034
 35042
 35052
 35061
 35070
 35078
 35088
 35097
 35106
 35115
 35125
 35134
 35143
 35151
 35161
 35170
 35179
 35187
 35197
 35206
 35215
 35223
 35233
 35242
 35251
 35259
 35269
 35278
 35287
 35295
 35305
 35314
 35323
 35331
 35341
 35350
 35359
 35367
 35377
 35386
 35395
 35404
 35414
 35423
 35432
 35440
 35450
 35459
 35468
 35476
 35486
 35495
 35504
 35512
 35522
 35531
 35540
 35548
 35558
 35567
 35576
 35584
 35594
 35603
 35612
 35620
 35630
 35639
 35648
 35656
 35666
 35675
 35684
 35693
 35702
 35711
 35720
 35728
 35738
 35747
 35756
 35764
 35774
 35783
 35792
 35800
 35810
 35819
 35828
 35836
 35846
 35855
 35864
 35872
 35882
 35891
 35900
 35908
 35918
 35927
 35936
 35944
 35954
 35963
 35972
 35980
 35989
 35998
 36007
 36015
 36025
 36034
 36043
 36051
 36061
 36070
 36079
 36087
 36097
 36106
 36115
 36123
 36133
 36142
 36151
 36159
 36169
 36178
 36187
 36195
 36205
 36214
 36223
 36231
 36241
 36250
 36259
 36267
 36276
 36285
 36294
 36302
 36312
 36321
 36330
 36338
 36348
 36356
 36365
 36373
 36383
 36392
 36401
 36409
 36419
 36428
 36436
 36444
 36454
 36463
 36472
 36480
 36490
 36499
 36508
 36515
 36525
 36534
 36543
 36551
 36561
 36570
 36579
 36587
 36596
 36605
 36614
 36622
 36632
 36641
 36650
 36658
 36668
 36676
 36685
 36693
 36703
 36712
 36721
 36729
 36739
 36748
 36756
 36764
 36774
 36783
 36792
 36800
 36810
 36819
 36828
 36836
 36845
 36854
 36863
 36871
 36881
 36890
 36898
 36906
 36916
 36925
 36934
 36942
 36951
 36960
 36969
 36977
 36987
 36996
 37005
 37012
 37022
 37031
 37040
 37048
 37058
 37066
 37075
 37083
 37093
 37102
 37111
 37119
 37128
 37137
 37146
 37154
 37164
 37173
 37181
 37189
 37199
 37208
 37217
 37225
 37234
 37243
 37252
 37260
 37270
 37279
 37288
 37295
 37305
 37314
 37323
 37331
 37341
 37349
 37358
 37366
 37376
 37385
 37394
 37402
 37411
 37420
 37429
 37437
 37446
 37455
 37464
 37472
 37481
 37490
 37499
 37507
 37516
 37525
 37534
 37542
 37552
 37560
 37569
 37577
 37587
 37595
 37604
 37612
 37622
 37630
 37639
 37647
 37657
 37665
 37674
 37682
 37692
 37701
 37709
 37717
 37727
 37736
 37744
 37752
 37762
 37771
 37779
 37787
 37797
 37806
 37814
 37822
 37832
 37841
 37850
 37857
 37867
 37876
 37885
 37892
 37902
 37911
 37920
 37927
 37937
 37946
 37955
 37963
 37972
 37981
 37990
 37997
 38007
 38016
 38025
 38032
 38042
 38051
 38059
 38067
 38077
 38086
 38094
 38102
 38112
 38120
 38129
 38137
 38147
 38155
 38164
 38172
 38181
 38190
 38199
 38207
 38216
 38225
 38234
 38242
 38251
 38260
 38269
 38276
 38286
 38295
 38304
 38311
 38321
 38330
 38338
 38346
 38356
 38365
 38373
 38381
 38391
 38399
 38408
 38416
 38426
 38434
 38443
 38451
 38460
 38469
 38478
 38486
 38495
 38504
 38513
 38521
 38530
 38539
 38547
 38555
 38565
 38573
 38582
 38590
 38599
 38608
 38617
 38624
 38634
 38642
 38651
 38659
 38668
 38677
 38686
 38693
 38703
 38712
 38720
 38728
 38738
 38746
 38755
 38762
 38772
 38781
 38789
 38797
 38807
 38815
 38824
 38832
 38841
 38850
 38858
 38866
 38876
 38884
 38893
 38901
 38910
 38919
 38928
 38935
 38945
 38954
 38962
 38970
 38979
 38988
 38997
 39004
 39014
 39023
 39031
 39039
 39049
 39057
 39066
 39074
 39083
 39092
 39100
 39108
 39117
 39126
 39135
 39142
 39152
 39160
 39169
 39176
 39186
 39195
 39203
 39211
 39220
 39229
 39237
 39245
 39255
 39263
 39272
 39279
 39289
 39298
 39306
 39314
 39323
 39332
 39340
 39348
 39358
 39366
 39375
 39382
 39392
 39400
 39409
 39417
 39426
 39435
 39443
 39451
 39461
 39469
 39478
 39485
 39495
 39503
 39512
 39520
 39529
 39538
 39546
 39554
 39563
 39572
 39581
 39588
 39598
 39606
 39615
 39623
 39632
 39641
 39649
 39657
 39666
 39675
 39683
 39691
 39700
 39709
 39717
 39725
 39734
 39743
 39751
 39759
 39768
 39777
 39785
 39793
 39802
 39811
 39819
 39827
 39836
 39845
 39853
 39861
 39870
 39879
 39887
 39895
 39904
 39913
 39921
 39929
 39938
 39947
 39955
 39963
 39972
 39981
 39989
 39997
 40006
 40015
 40023
 40031
 40040
 40049
 40057
 40065
 40074
 40083
 40091
 40099
 40108
 40117
 40125
 40133
 40142
 40151
 40159
 40167
 40176
 40184
 40193
 40200
 40210
 40218
 40227
 40234
 40243
 40252
 40260
 40268
 40277
 40286
 40294
 40302
 40311
 40319
 40328
 40335
 40345
 40353
 40362
 40369
 40378
 40387
 40395
 40403
 40412
 40421
 40429
 40437
 40446
 40454
 40463
 40470
 40480
 40488
 40497
 40504
 40513
 40522
 40530
 40538
 40547
 40556
 40564
 40572
 40581
 40589
 40598
 40605
 40615
 40623
 40632
 40639
 40648
 40657
 40665
 40673
 40682
 40691
 40699
 40707
 40716
 40724
 40733
 40740
 40749
 40758
 40766
 40774
 40783
 40791
 40800
 40807
 40816
 40825
 40833
 40841
 40850
 40858
 40867
 40874
 40883
 40892
 40900
 40908
 40917
 40925
 40934
 40941
 40950
 40959
 40967
 40975
 40984
 40992
 41001
 41008
 41017
 41026
 41034
 41042
 41051
 41059
 41068
 41075
 41084
 41093
 41101
 41109
 41118
 41126
 41135
 41142
 41151
 41160
 41168
 41176
 41185
 41193
 41202
 41209
 41218
 41227
 41235
 41243
 41252
 41260
 41268
 41276
 41285
 41293
 41302
 41309
 41318
 41326
 41335
 41342
 41351
 41360
 41368
 41375
 41385
 41393
 41401
 41408
 41418
 41426
 41434
 41442
 41451
 41459
 41468
 41475
 41484
 41492
 41501
 41508
 41517
 41526
 41534
 41541
 41550
 41559
 41567
 41574
 41584
 41592
 41600
 41608
 41617
 41625
 41633
 41641
 41650
 41658
 41667
 41674
 41683
 41692
 41700
 41707
 41716
 41725
 41733
 41740
 41750
 41758
 41766
 41774
 41783
 41791
 41799
 41806
 41816
 41824
 41832
 41839
 41848
 41857
 41865
 41872
 41881
 41890
 41898
 41905
 41914
 41922
 41931
 41938
 41947
 41955
 41964
 41971
 41980
 41988
 41996
 42004
 42013
 42021
 42029
 42037
 42046
 42054
 42062
 42069
 42079
 42087
 42095
 42102
 42111
 42120
 42128
 42135
 42144
 42153
 42161
 42168
 42177
 42185
 42194
 42201
 42210
 42218
 42227
 42234
 42243
 42251
 42259
 42267
 42276
 42284
 42292
 42300
 42309
 42317
 42325
 42332
 42341
 42349
 42358
 42365
 42374
 42382
 42390
 42397
 42407
 42415
 42423
 42430
 42439
 42447
 42455
 42463
 42472
 42480
 42488
 42495
 42504
 42513
 42521
 42528
 42537
 42545
 42553
 42561
 42570
 42578
 42586
 42593
 42602
 42610
 42619
 42626
 42635
 42643
 42651
 42658
 42668
 42676
 42684
 42691
 42700
 42708
 42716
 42724
 42733
 42741
 42749
 42756
 42765
 42774
 42782
 42789
 42798
 42806
 42814
 42822
 42831
 42839
 42847
 42854
 42863
 42871
 42879
 42886
 42895
 42903
 42911
 42918
 42928
 42936
 42944
 42951
 42960
 42968
 42976
 42983
 42992
 43000
 43008
 43015
 43024
 43033
 43041
 43048
 43057
 43065
 43073
 43080
 43089
 43097
 43105
 43112
 43121
 43129
 43138
 43145
 43154
 43162
 43170
 43177
 43186
 43194
 43202
 43209
 43218
 43226
 43234
 43242
 43251
 43259
 43267
 43274
 43283
 43291
 43299
 43306
 43315
 43323
 43331
 43339
 43348
 43356
 43364
 43371
 43380
 43388
 43396
 43403
 43412
 43420
 43428
 43435
 43444
 43452
 43460
 43467
 43476
 43484
 43492
 43499
 43508
 43516
 43524
 43531
 43540
 43548
 43556
 43563
 43572
 43580
 43588
 43595
 43604
 43612
 43620
 43627
 43636
 43644
 43652
 43659
 43668
 43676
 43684
 43691
 43700
 43708
 43716
 43723
 43732
 43740
 43748
 43755
 43764
 43772
 43780
 43787
 43796
 43804
 43812
 43819
 43828
 43836
 43844
 43852
 43860
 43868
 43876
 43883
 43892
 43900
 43908
 43915
 43924
 43932
 43940
 43947
 43955
 43963
 43971
 43978
 43987
 43995
 44003
 44010
 44019
 44027
 44035
 44042
 44051
 44058
 44066
 44073
 44082
 44090
 44098
 44105
 44114
 44122
 44130
 44137
 44146
 44154
 44161
 44168
 44177
 44185
 44193
 44200
 44209
 44217
 44225
 44232
 44241
 44249
 44257
 44263
 44272
 44280
 44288
 44295
 44304
 44312
 44320
 44327
 44336
 44344
 44352
 44359
 44367
 44375
 44383
 44390
 44399
 44407
 44415
 44421
 44430
 44438
 44446
 44453
 44462
 44470
 44477
 44484
 44493
 44501
 44509
 44516
 44525
 44532
 44540
 44547
 44556
 44564
 44572
 44579
 44587
 44595
 44603
 44610
 44619
 44627
 44635
 44641
 44650
 44658
 44666
 44673
 44682
 44690
 44697
 44704
 44713
 44721
 44729
 44736
 44745
 44752
 44760
 44767
 44776
 44784
 44792
 44799
 44807
 44815
 44823
 44830
 44839
 44847
 44855
 44862
 44870
 44878
 44886
 44893
 44901
 44909
 44917
 44924
 44933
 44940
 44948
 44955
 44964
 44971
 44979
 44986
 44995
 45003
 45010
 45017
 45026
 45034
 45041
 45048
 45057
 45065
 45073
 45079
 45088
 45096
 45104
 45111
 45119
 45127
 45135
 45142
 45150
 45158
 45166
 45173
 45182
 45189
 45197
 45204
 45213
 45220
 45228
 45235
 45244
 45252
 45259
 45266
 45275
 45283
 45290
 45297
 45306
 45314
 45322
 45328
 45337
 45345
 45353
 45360
 45368
 45376
 45384
 45390
 45399
 45407
 45414
 45421
 45430
 45438
 45445
 45452
 45461
 45468
 45476
 45483
 45491
 45499
 45507
 45514
 45522
 45530
 45538
 45544
 45553
 45561
 45568
 45575
 45584
 45592
 45599
 45606
 45615
 45622
 45630
 45637
 45646
 45653
 45661
 45668
 45676
 45684
 45692
 45698
 45707
 45715
 45723
 45729
 45738
 45746
 45753
 45760
 45769
 45776
 45784
 45791
 45800
 45807
 45815
 45822
 45830
 45838
 45846
 45853
 45861
 45869
 45876
 45883
 45892
 45899
 45907
 45913
 45922
 45930
 45937
 45944
 45952
 45960
 45968
 45974
 45983
 45990
 45998
 46005
 46013
 46021
 46029
 46035
 46044
 46051
 46059
 46066
 46074
 46082
 46089
 46096
 46105
 46112
 46120
 46126
 46135
 46143
 46150
 46157
 46165
 46173
 46181
 46187
 46196
 46204
 46211
 46218
 46226
 46234
 46242
 46248
 46257
 46264
 46272
 46279
 46287
 46295
 46302
 46309
 46318
 46325
 46333
 46340
 46348
 46356
 46363
 46370
 46378
 46386
 46393
 46400
 46408
 46416
 46424
 46430
 46439
 46446
 46454
 46460
 46469
 46476
 46484
 46490
 46499
 46507
 46514
 46521
 46529
 46537
 46544
 46551
 46559
 46567
 46574
 46581
 46590
 46597
 46605
 46611
 46620
 46627
 46635
 46641
 46650
 46657
 46665
 46672
 46680
 46688
 46695
 46702
 46710
 46718
 46725
 46732
 46740
 46748
 46756
 46762
 46771
 46778
 46786
 46792
 46801
 46808
 46816
 46823
 46831
 46838
 46846
 46852
 46861
 46868
 46876
 46882
 46891
 46898
 46906
 46912
 46921
 46928
 46936
 46942
 46950
 46958
 46965
 46972
 46980
 46988
 46995
 47002
 47010
 47018
 47025
 47032
 47040
 47048
 47055
 47062
 47070
 47077
 47085
 47091
 47100
 47107
 47115
 47121
 47130
 47137
 47145
 47151
 47160
 47167
 47175
 47181
 47189
 47197
 47204
 47211
 47219
 47227
 47234
 47241
 47249
 47257
 47264
 47271
 47279
 47287
 47294
 47301
 47309
 47316
 47324
 47330
 47338
 47346
 47353
 47360
 47368
 47375
 47383
 47389
 47397
 47405
 47412
 47419
 47427
 47434
 47442
 47448
 47456
 47464
 47471
 47478
 47486
 47493
 47501
 47507
 47515
 47523
 47530
 47537
 47545
 47552
 47560
 47566
 47574
 47582
 47589
 47596
 47604
 47611
 47619
 47625
 47633
 47641
 47648
 47655
 47663
 47670
 47678
 47684
 47692
 47700
 47707
 47714
 47722
 47729
 47737
 47743
 47751
 47759
 47766
 47773
 47781
 47788
 47795
 47802
 47810
 47817
 47825
 47831
 47839
 47846
 47854
 47860
 47868
 47876
 47883
 47889
 47898
 47905
 47912
 47918
 47927
 47934
 47941
 47948
 47956
 47963
 47971
 47977
 47985
 47992
 48000
 48006
 48014
 48022
 48029
 48035
 48043
 48051
 48058
 48064
 48073
 48080
 48087
 48094
 48102
 48109
 48116
 48123
 48131
 48138
 48146
 48152
 48160
 48168
 48175
 48181
 48189
 48197
 48204
 48210
 48219
 48226
 48233
 48240
 48248
 48255
 48262
 48268
 48277
 48284
 48291
 48297
 48305
 48313
 48320
 48326
 48334
 48342
 48349
 48355
 48363
 48370
 48378
 48384
 48392
 48399
 48407
 48413
 48421
 48428
 48435
 48442
 48450
 48457
 48464
 48471
 48479
 48486
 48493
 48499
 48508
 48515
 48522
 48528
 48536
 48544
 48551
 48557
 48565
 48573
 48580
 48586
 48594
 48601
 48609
 48615
 48623
 48630
 48638
 48644
 48652
 48659
 48666
 48673
 48681
 48688
 48695
 48702
 48710
 48717
 48724
 48730
 48738
 48745
 48752
 48759
 48767
 48774
 48781
 48787
 48795
 48802
 48810
 48816
 48824
 48831
 48838
 48844
 48852
 48860
 48867
 48873
 48881
 48888
 48895
 48901
 48910
 48917
 48924
 48930
 48938
 48945
 48952
 48959
 48967
 48974
 48981
 48987
 48995
 49002
 49010
 49016
 49024
 49031
 49038
 49044
 49052
 49060
 49067
 49073
 49081
 49088
 49095
 49101
 49110
 49117
 49124
 49130
 49138
 49145
 49152
 49159
 49167
 49174
 49181
 49187
 49195
 49202
 49209
 49215
 49223
 49230
 49237
 49243
 49251
 49258
 49265
 49271
 49279
 49286
 49293
 49299
 49307
 49315
 49322
 49328
 49336
 49343
 49350
 49356
 49364
 49371
 49378
 49384
 49392
 49399
 49406
 49412
 49420
 49427
 49434
 49440
 49448
 49455
 49463
 49469
 49477
 49484
 49491
 49497
 49505
 49512
 49519
 49525
 49533
 49540
 49547
 49553
 49561
 49568
 49575
 49581
 49589
 49596
 49603
 49610
 49617
 49624
 49631
 49637
 49645
 49652
 49659
 49665
 49673
 49680
 49687
 49693
 49701
 49708
 49715
 49721
 49729
 49736
 49743
 49749
 49757
 49764
 49771
 49777
 49785
 49792
 49799
 49805
 49813
 49820
 49827
 49833
 49840
 49847
 49854
 49860
 49868
 49875
 49882
 49888
 49896
 49903
 49910
 49916
 49924
 49931
 49938
 49944
 49952
 49959
 49966
 49972
 49980
 49987
 49994
 50000
 50008
 50015
 50022
 50028
 50036
 50043
 50050
 50056
 50063
 50070
 50077
 50083
 50091
 50098
 50105
 50111
 50118
 50125
 50132
 50138
 50146
 50153
 50160
 50166
 50173
 50180
 50187
 50193
 50201
 50208
 50215
 50221
 50228
 50235
 50242
 50248
 50256
 50263
 50270
 50276
 50283
 50290
 50297
 50303
 50311
 50318
 50325
 50331
 50338
 50345
 50352
 50358
 50366
 50373
 50380
 50386
 50393
 50400
 50407
 50413
 50421
 50428
 50435
 50441
 50448
 50455
 50462
 50468
 50476
 50483
 50490
 50496
 50503
 50510
 50517
 50523
 50530
 50537
 50544
 50550
 50558
 50564
 50571
 50577
 50585
 50592
 50598
 50604
 50612
 50619
 50626
 50631
 50639
 50646
 50653
 50659
 50666
 50673
 50680
 50686
 50694
 50700
 50707
 50713
 50721
 50728
 50734
 50740
 50748
 50755
 50762
 50767
 50775
 50782
 50789
 50795
 50802
 50809
 50816
 50822
 50830
 50836
 50843
 50849
 50857
 50864
 50870
 50876
 50884
 50891
 50898
 50903
 50911
 50918
 50925
 50931
 50938
 50945
 50952
 50957
 50965
 50972
 50978
 50984
 50992
 50999
 51005
 51011
 51019
 51025
 51032
 51038
 51045
 51052
 51059
 51065
 51072
 51079
 51086
 51091
 51099
 51106
 51112
 51118
 51126
 51133
 51139
 51145
 51153
 51159
 51166
 51172
 51180
 51186
 51193
 51199
 51206
 51213
 51220
 51225
 51233
 51240
 51247
 51252
 51260
 51267
 51273
 51279
 51287
 51293
 51300
 51306
 51314
 51320
 51327
 51333
 51340
 51347
 51354
 51360
 51367
 51374
 51380
 51386
 51394
 51400
 51407
 51412
 51420
 51427
 51433
 51439
 51446
 51453
 51460
 51465
 51473
 51479
 51486
 51492
 51499
 51506
 51513
 51518
 51526
 51532
 51539
 51545
 51552
 51559
 51565
 51571
 51579
 51585
 51592
 51597
 51605
 51612
 51618
 51624
 51631
 51638
 51645
 51650
 51658
 51665
 51671
 51677
 51684
 51691
 51698
 51703
 51711
 51717
 51724
 51730
 51737
 51744
 51750
 51756
 51764
 51770
 51777
 51783
 51790
 51797
 51803
 51809
 51816
 51823
 51829
 51835
 51842
 51849
 51855
 51861
 51868
 51875
 51881
 51887
 51895
 51901
 51908
 51913
 51921
 51927
 51934
 51939
 51947
 51953
 51960
 51965
 51973
 51979
 51986
 51992
 51999
 52006
 52012
 52018
 52025
 52032
 52038
 52044
 52051
 52058
 52064
 52070
 52077
 52084
 52090
 52096
 52104
 52110
 52117
 52122
 52130
 52136
 52143
 52148
 52156
 52162
 52169
 52174
 52182
 52188
 52195
 52201
 52208
 52214
 52221
 52226
 52234
 52240
 52247
 52252
 52259
 52266
 52272
 52278
 52285
 52292
 52298
 52304
 52311
 52317
 52324
 52329
 52337
 52343
 52350
 52355
 52362
 52369
 52375
 52381
 52388
 52395
 52401
 52407
 52414
 52420
 52427
 52432
 52440
 52446
 52453
 52458
 52465
 52472
 52478
 52484
 52491
 52498
 52504
 52510
 52517
 52523
 52530
 52535
 52543
 52549
 52556
 52561
 52568
 52575
 52581
 52587
 52594
 52601
 52607
 52613
 52620
 52626
 52633
 52638
 52645
 52652
 52658
 52663
 52671
 52677
 52683
 52689
 52696
 52702
 52709
 52714
 52721
 52728
 52734
 52739
 52747
 52753
 52759
 52765
 52772
 52778
 52785
 52790
 52797
 52804
 52810
 52816
 52823
 52829
 52836
 52841
 52848
 52855
 52861
 52866
 52874
 52880
 52886
 52892
 52899
 52905
 52912
 52917
 52924
 52931
 52937
 52942
 52950
 52956
 52962
 52968
 52975
 52981
 52988
 52993
 53000
 53007
 53013
 53019
 53026
 53032
 53038
 53044
 53051
 53057
 53063
 53069
 53076
 53082
 53088
 53094
 53101
 53107
 53113
 53119
 53126
 53132
 53139
 53144
 53151
 53157
 53164
 53169
 53176
 53182
 53189
 53194
 53201
 53207
 53214
 53219
 53226
 53233
 53239
 53244
 53251
 53258
 53264
 53269
 53276
 53283
 53289
 53294
 53301
 53308
 53314
 53319
 53327
 53333
 53339
 53344
 53352
 53358
 53364
 53369
 53377
 53383
 53389
 53394
 53402
 53408
 53414
 53420
 53427
 53433
 53439
 53444
 53451
 53457
 53464
 53469
 53476
 53482
 53488
 53493
 53501
 53507
 53513
 53518
 53525
 53531
 53537
 53543
 53550
 53556
 53562
 53567
 53574
 53581
 53587
 53592
 53599
 53605
 53611
 53617
 53624
 53630
 53636
 53641
 53648
 53654
 53661
 53666
 53673
 53679
 53685
 53690
 53698
 53704
 53710
 53715
 53722
 53728
 53734
 53740
 53747
 53753
 53759
 53764
 53771
 53778
 53784
 53789
 53796
 53802
 53808
 53814
 53821
 53827
 53833
 53838
 53845
 53851
 53857
 53862
 53869
 53875
 53881
 53886
 53894
 53900
 53906
 53911
 53918
 53924
 53930
 53935
 53942
 53948
 53954
 53959
 53966
 53973
 53979
 53984
 53991
 53997
 54003
 54008
 54015
 54021
 54027
 54032
 54039
 54045
 54052
 54057
 54064
 54070
 54076
 54081
 54088
 54094
 54100
 54105
 54112
 54118
 54124
 54130
 54137
 54143
 54149
 54154
 54161
 54167
 54173
 54178
 54185
 54191
 54197
 54203
 54209
 54215
 54221
 54226
 54233
 54239
 54245
 54250
 54257
 54263
 54269
 54274
 54281
 54287
 54293
 54298
 54305
 54311
 54317
 54322
 54329
 54335
 54341
 54346
 54353
 54359
 54365
 54370
 54377
 54383
 54389
 54394
 54401
 54407
 54413
 54418
 54425
 54431
 54437
 54442
 54449
 54455
 54461
 54466
 54473
 54479
 54485
 54490
 54497
 54503
 54509
 54514
 54521
 54527
 54533
 54538
 54545
 54551
 54557
 54562
 54569
 54575
 54581
 54586
 54592
 54598
 54604
 54609
 54616
 54622
 54628
 54633
 54640
 54645
 54651
 54656
 54663
 54669
 54675
 54680
 54687
 54693
 54698
 54703
 54710
 54716
 54722
 54727
 54734
 54740
 54746
 54750
 54757
 54763
 54769
 54774
 54781
 54787
 54793
 54798
 54804
 54810
 54816
 54821
 54828
 54834
 54840
 54845
 54852
 54857
 54863
 54868
 54875
 54881
 54887
 54892
 54899
 54905
 54910
 54915
 54922
 54928
 54934
 54939
 54946
 54952
 54958
 54963
 54969
 54975
 54981
 54986
 54992
 54998
 55004
 55009
 55016
 55021
 55027
 55032
 55039
 55044
 55050
 55055
 55062
 55068
 55073
 55078
 55085
 55091
 55096
 55101
 55108
 55114
 55120
 55124
 55131
 55137
 55143
 55148
 55154
 55160
 55166
 55171
 55177
 55183
 55189
 55194
 55201
 55206
 55212
 55217
 55224
 55229
 55235
 55240
 55247
 55253
 55258
 55263
 55270
 55276
 55281
 55286
 55293
 55299
 55305
 55309
 55316
 55322
 55328
 55333
 55339
 55345
 55351
 55355
 55362
 55368
 55373
 55378
 55385
 55391
 55396
 55401
 55408
 55413
 55419
 55424
 55430
 55436
 55442
 55447
 55453
 55459
 55465
 55469
 55476
 55482
 55487
 55492
 55499
 55505
 55510
 55515
 55522
 55527
 55533
 55538
 55545
 55550
 55556
 55561
 55567
 55573
 55579
 55583
 55590
 55596
 55602
 55606
 55613
 55619
 55624
 55629
 55636
 55641
 55647
 55652
 55659
 55664
 55670
 55675
 55681
 55687
 55693
 55698
 55704
 55710
 55715
 55720
 55727
 55732
 55738
 55742
 55749
 55755
 55760
 55765
 55771
 55777
 55783
 55787
 55794
 55799
 55805
 55810
 55816
 55822
 55828
 55832
 55839
 55844
 55850
 55855
 55861
 55867
 55872
 55877
 55884
 55889
 55895
 55899
 55906
 55912
 55917
 55922
 55928
 55934
 55940
 55944
 55951
 55957
 55962
 55967
 55973
 55979
 55985
 55989
 55996
 56001
 56007
 56012
 56018
 56024
 56029
 56034
 56041
 56046
 56052
 56057
 56063
 56069
 56074
 56079
 56085
 56091
 56096
 56101
 56107
 56113
 56118
 56123
 56129
 56135
 56140
 56145
 56151
 56157
 56162
 56167
 56173
 56179
 56184
 56189
 56195
 56201
 56206
 56211
 56217
 56223
 56228
 56233
 56239
 56245
 56250
 56255
 56261
 56267
 56272
 56277
 56283
 56289
 56294
 56299
 56305
 56311
 56316
 56321
 56327
 56333
 56338
 56343
 56349
 56355
 56360
 56365
 56371
 56377
 56382
 56387
 56393
 56399
 56404
 56409
 56415
 56420
 56426
 56430
 56437
 56442
 56447
 56452
 56458
 56464
 56469
 56473
 56480
 56485
 56491
 56495
 56501
 56507
 56512
 56517
 56523
 56528
 56534
 56538
 56545
 56550
 56555
 56560
 56566
 56572
 56577
 56582
 56588
 56593
 56599
 56603
 56610
 56615
 56620
 56625
 56631
 56637
 56642
 56646
 56653
 56658
 56664
 56668
 56674
 56680
 56685
 56690
 56696
 56701
 56707
 56711
 56718
 56723
 56728
 56733
 56739
 56745
 56750
 56755
 56761
 56766
 56771
 56776
 56782
 56787
 56793
 56797
 56803
 56809
 56814
 56818
 56825
 56830
 56835
 56840
 56846
 56851
 56856
 56861
 56867
 56872
 56878
 56882
 56888
 56894
 56899
 56903
 56910
 56915
 56920
 56925
 56931
 56936
 56941
 56946
 56952
 56957
 56963
 56967
 56973
 56979
 56984
 56988
 56995
 57000
 57005
 57010
 57016
 57021
 57026
 57031
 57037
 57042
 57048
 57052
 57058
 57064
 57069
 57073
 57080
 57085
 57090
 57095
 57101
 57106
 57111
 57115
 57122
 57127
 57132
 57136
 57142
 57148
 57153
 57157
 57163
 57169
 57174
 57178
 57184
 57189
 57195
 57199
 57205
 57210
 57216
 57220
 57226
 57231
 57236
 57241
 57247
 57252
 57257
 57262
 57268
 57273
 57278
 57282
 57289
 57294
 57299
 57303
 57309
 57315
 57320
 57324
 57330
 57336
 57341
 57345
 57351
 57356
 57362
 57366
 57372
 57377
 57383
 57387
 57393
 57398
 57403
 57408
 57414
 57419
 57424
 57429
 57435
 57440
 57445
 57449
 57455
 57460
 57465
 57470
 57476
 57481
 57486
 57490
 57496
 57501
 57506
 57511
 57517
 57522
 57527
 57531
 57537
 57542
 57547
 57552
 57558
 57563
 57568
 57572
 57578
 57583
 57588
 57593
 57599
 57604
 57609
 57613
 57619
 57624
 57629
 57634
 57640
 57645
 57650
 57654
 57660
 57665
 57670
 57675
 57681
 57686
 57691
 57695
 57701
 57706
 57711
 57716
 57722
 57727
 57732
 57736
 57742
 57747
 57752
 57757
 57763
 57768
 57773
 57777
 57783
 57788
 57793
 57797
 57803
 57808
 57813
 57817
 57823
 57828
 57833
 57837
 57843
 57848
 57853
 57857
 57863
 57868
 57873
 57877
 57883
 57888
 57893
 57897
 57903
 57908
 57913
 57917
 57923
 57928
 57933
 57937
 57943
 57948
 57953
 57957
 57963
 57968
 57973
 57977
 57983
 57988
 57993
 57997
 58003
 58008
 58013
 58017
 58023
 58028
 58033
 58037
 58043
 58048
 58053
 58057
 58063
 58068
 58073
 58078
 58083
 58088
 58093
 58097
 58103
 58108
 58113
 58117
 58123
 58128
 58133
 58137
 58142
 58147
 58152
 58156
 58162
 58167
 58172
 58176
 58182
 58187
 58192
 58196
 58202
 58206
 58211
 58215
 58221
 58226
 58231
 58235
 58241
 58246
 58251
 58255
 58261
 58266
 58270
 58274
 58280
 58285
 58290
 58294
 58300
 58305
 58310
 58314
 58320
 58325
 58330
 58333
 58339
 58344
 58349
 58353
 58359
 58364
 58369
 58373
 58379
 58384
 58389
 58393
 58398
 58403
 58408
 58412
 58418
 58422
 58427
 58431
 58437
 58442
 58446
 58450
 58456
 58461
 58466
 58470
 58475
 58480
 58485
 58489
 58495
 58499
 58504
 58508
 58514
 58519
 58523
 58527
 58533
 58538
 58543
 58547
 58552
 58557
 58562
 58566
 58572
 58576
 58581
 58585
 58591
 58596
 58600
 58604
 58610
 58615
 58620
 58624
 58629
 58634
 58639
 58643
 58649
 58653
 58658
 58662
 58668
 58673
 58677
 58681
 58687
 58692
 58697
 58701
 58706
 58711
 58716
 58719
 58725
 58730
 58735
 58738
 58744
 58749
 58753
 58757
 58763
 58768
 58772
 58776
 58782
 58786
 58791
 58795
 58801
 58805
 58810
 58814
 58819
 58824
 58829
 58833
 58838
 58843
 58848
 58852
 58857
 58862
 58867
 58870
 58876
 58881
 58886
 58889
 58895
 58900
 58904
 58908
 58914
 58919
 58923
 58927
 58933
 58937
 58942
 58946
 58952
 58956
 58961
 58965
 58970
 58975
 58980
 58984
 58989
 58994
 58999
 59003
 59008
 59013
 59017
 59021
 59027
 59031
 59036
 59039
 59045
 59050
 59054
 59058
 59063
 59068
 59073
 59076
 59082
 59086
 59091
 59095
 59100
 59105
 59110
 59113
 59119
 59123
 59128
 59132
 59137
 59142
 59146
 59150
 59156
 59160
 59165
 59168
 59174
 59179
 59183
 59187
 59192
 59197
 59202
 59205
 59211
 59216
 59220
 59224
 59229
 59234
 59239
 59242
 59248
 59252
 59257
 59261
 59266
 59271
 59275
 59279
 59285
 59289
 59294
 59298
 59303
 59308
 59312
 59316
 59321
 59326
 59330
 59334
 59339
 59344
 59348
 59352
 59357
 59362
 59366
 59370
 59375
 59380
 59384
 59388
 59393
 59398
 59402
 59406
 59411
 59416
 59420
 59424
 59429
 59434
 59438
 59442
 59448
 59452
 59457
 59460
 59466
 59470
 59475
 59478
 59484
 59488
 59493
 59496
 59502
 59506
 59511
 59514
 59520
 59524
 59529
 59532
 59538
 59542
 59547
 59550
 59556
 59560
 59565
 59568
 59574
 59578
 59583
 59587
 59592
 59596
 59601
 59604
 59610
 59614
 59618
 59622
 59627
 59632
 59636
 59640
 59645
 59649
 59654
 59657
 59663
 59667
 59672
 59675
 59680
 59685
 59689
 59693
 59698
 59702
 59707
 59710
 59716
 59720
 59725
 59728
 59733
 59738
 59742
 59746
 59751
 59756
 59760
 59763
 59769
 59773
 59778
 59781
 59786
 59791
 59795
 59799
 59804
 59809
 59813
 59816
 59822
 59826
 59831
 59834
 59840
 59844
 59848
 59852
 59857
 59862
 59866
 59870
 59875
 59879
 59883
 59887
 59892
 59896
 59901
 59904
 59909
 59913
 59918
 59921
 59926
 59931
 59935
 59938
 59944
 59948
 59952
 59955
 59961
 59965
 59969
 59973
 59978
 59982
 59987
 59990
 59995
 59999
 60004
 60007
 60012
 60017
 60021
 60024
 60029
 60034
 60038
 60041
 60047
 60051
 60055
 60059
 60064
 60068
 60072
 60076
 60081
 60085
 60090
 60093
 60098
 60103
 60107
 60110
 60115
 60120
 60124
 60127
 60133
 60137
 60141
 60145
 60150
 60154
 60158
 60161
 60167
 60171
 60175
 60178
 60183
 60188
 60192
 60195
 60200
 60205
 60209
 60212
 60217
 60221
 60226
 60229
 60234
 60238
 60243
 60246
 60251
 60255
 60259
 60263
 60268
 60272
 60276
 60280
 60285
 60289
 60293
 60296
 60302
 60306
 60310
 60313
 60318
 60323
 60327
 60330
 60335
 60340
 60344
 60347
 60352
 60356
 60361
 60364
 60369
 60373
 60378
 60381
 60386
 60390
 60394
 60398
 60403
 60407
 60411
 60415
 60420
 60424
 60428
 60431
 60436
 60440
 60444
 60447
 60452
 60456
 60461
 60464
 60469
 60473
 60477
 60480
 60485
 60489
 60493
 60496
 60501
 60506
 60510
 60513
 60518
 60522
 60526
 60529
 60534
 60538
 60542
 60546
 60551
 60555
 60559
 60562
 60567
 60571
 60575
 60578
 60583
 60587
 60592
 60595
 60600
 60604
 60608
 60611
 60616
 60620
 60624
 60627
 60632
 60637
 60641
 60644
 60649
 60653
 60657
 60660
 60665
 60669
 60673
 60677
 60682
 60686
 60690
 60693
 60698
 60702
 60706
 60709
 60714
 60718
 60722
 60725
 60730
 60734
 60738
 60741
 60746
 60750
 60754
 60757
 60762
 60766
 60770
 60773
 60778
 60782
 60786
 60789
 60794
 60798
 60802
 60805
 60810
 60814
 60818
 60821
 60826
 60830
 60834
 60837
 60842
 60846
 60850
 60853
 60858
 60862
 60866
 60869
 60874
 60878
 60882
 60885
 60890
 60894
 60898
 60901
 60906
 60910
 60914
 60917
 60922
 60926
 60930
 60933
 60937
 60941
 60945
 60948
 60953
 60957
 60961
 60964
 60969
 60973
 60976
 60979
 60984
 60988
 60992
 60995
 61000
 61004
 61008
 61011
 61016
 61019
 61023
 61026
 61031
 61035
 61039
 61042
 61047
 61051
 61055
 61058
 61062
 61066
 61070
 61073
 61078
 61082
 61086
 61089
 61094
 61098
 61101
 61104
 61109
 61113
 61117
 61120
 61125
 61129
 61133
 61136
 61141
 61144
 61148
 61151
 61156
 61160
 61164
 61167
 61172
 61176
 61180
 61183
 61187
 61191
 61195
 61198
 61202
 61206
 61210
 61213
 61218
 61221
 61225
 61228
 61233
 61236
 61240
 61243
 61248
 61252
 61255
 61258
 61263
 61267
 61270
 61273
 61278
 61282
 61286
 61288
 61293
 61297
 61301
 61304
 61308
 61312
 61316
 61319
 61323
 61327
 61331
 61334
 61339
 61342
 61346
 61349
 61354
 61357
 61361
 61364
 61369
 61373
 61376
 61379
 61384
 61388
 61391
 61394
 61399
 61403
 61407
 61409
 61414
 61418
 61422
 61425
 61429
 61433
 61437
 61439
 61444
 61448
 61451
 61454
 61459
 61462
 61466
 61469
 61473
 61477
 61481
 61484
 61488
 61492
 61496
 61498
 61503
 61507
 61510
 61513
 61518
 61521
 61525
 61528
 61532
 61536
 61540
 61543
 61547
 61551
 61555
 61557
 61562
 61566
 61569
 61572
 61577
 61580
 61584
 61587
 61591
 61595
 61599
 61602
 61606
 61610
 61614
 61616
 61621
 61625
 61628
 61631
 61636
 61639
 61643
 61646
 61650
 61654
 61658
 61661
 61665
 61669
 61672
 61675
 61679
 61683
 61687
 61689
 61694
 61697
 61701
 61703
 61708
 61712
 61715
 61718
 61722
 61726
 61729
 61732
 61737
 61740
 61744
 61746
 61751
 61755
 61758
 61761
 61765
 61769
 61772
 61775
 61780
 61783
 61787
 61789
 61794
 61797
 61801
 61804
 61808
 61812
 61815
 61818
 61823
 61826
 61830
 61832
 61837
 61840
 61844
 61847
 61851
 61855
 61858
 61861
 61865
 61869
 61873
 61875
 61880
 61883
 61887
 61890
 61894
 61897
 61901
 61903
 61908
 61911
 61915
 61917
 61922
 61925
 61929
 61931
 61936
 61939
 61943
 61945
 61949
 61953
 61956
 61959
 61963
 61967
 61970
 61973
 61977
 61981
 61984
 61987
 61991
 61995
 61998
 62001
 62005
 62008
 62012
 62014
 62019
 62022
 62026
 62028
 62033
 62036
 62040
 62042
 62047
 62050
 62054
 62056
 62060
 62064
 62067
 62070
 62074
 62078
 62081
 62084
 62088
 62092
 62095
 62098
 62102
 62106
 62109
 62112
 62116
 62119
 62123
 62125
 62129
 62133
 62136
 62139
 62143
 62146
 62150
 62152
 62156
 62160
 62163
 62166
 62170
 62173
 62177
 62179
 62183
 62187
 62190
 62193
 62197
 62200
 62204
 62206
 62210
 62214
 62217
 62220
 62224
 62227
 62231
 62233
 62237
 62241
 62244
 62247
 62251
 62254
 62258
 62260
 62264
 62268
 62271
 62274
 62278
 62281
 62285
 62287
 62291
 62295
 62298
 62301
 62305
 62308
 62312
 62314
 62318
 62322
 62325
 62328
 62332
 62335
 62338
 62341
 62345
 62348
 62351
 62354
 62358
 62361
 62364
 62367
 62371
 62374
 62377
 62380
 62384
 62387
 62391
 62393
 62397
 62400
 62404
 62406
 62410
 62413
 62417
 62419
 62423
 62426
 62430
 62432
 62436
 62440
 62443
 62445
 62449
 62453
 62456
 62458
 62462
 62466
 62469
 62471
 62475
 62479
 62482
 62484
 62489
 62492
 62495
 62497
 62502
 62505
 62508
 62510
 62515
 62518
 62521
 62523
 62528
 62531
 62534
 62537
 62541
 62544
 62547
 62549
 62553
 62556
 62559
 62562
 62566
 62569
 62572
 62574
 62578
 62581
 62585
 62587
 62591
 62594
 62597
 62599
 62603
 62607
 62610
 62612
 62616
 62619
 62622
 62624
 62629
 62632
 62635
 62637
 62641
 62644
 62647
 62650
 62654
 62657
 62660
 62662
 62666
 62669
 62673
 62675
 62679
 62682
 62685
 62687
 62691
 62695
 62698
 62700
 62704
 62707
 62710
 62712
 62717
 62720
 62723
 62725
 62729
 62732
 62735
 62738
 62742
 62745
 62748
 62750
 62754
 62757
 62760
 62762
 62766
 62769
 62772
 62774
 62778
 62781
 62784
 62786
 62790
 62793
 62796
 62798
 62802
 62806
 62809
 62811
 62815
 62818
 62821
 62823
 62827
 62830
 62833
 62835
 62839
 62842
 62845
 62847
 62851
 62854
 62857
 62859
 62863
 62866
 62870
 62872
 62876
 62879
 62882
 62884
 62888
 62891
 62894
 62896
 62900
 62903
 62906
 62908
 62912
 62915
 62918
 62920
 62924
 62927
 62930
 62933
 62936
 62939
 62942
 62944
 62948
 62951
 62954
 62956
 62960
 62963
 62966
 62968
 62972
 62975
 62978
 62980
 62983
 62986
 62989
 62991
 62995
 62998
 63001
 63003
 63007
 63010
 63013
 63015
 63019
 63022
 63025
 63027
 63030
 63033
 63036
 63038
 63042
 63045
 63048
 63050
 63054
 63057
 63060
 63062
 63066
 63069
 63072
 63074
 63077
 63080
 63083
 63085
 63089
 63092
 63095
 63097
 63101
 63104
 63107
 63109
 63113
 63116
 63119
 63121
 63124
 63127
 63130
 63132
 63136
 63138
 63141
 63143
 63147
 63150
 63153
 63154
 63158
 63161
 63164
 63166
 63170
 63172
 63175
 63177
 63181
 63184
 63187
 63188
 63192
 63195
 63198
 63200
 63204
 63206
 63209
 63211
 63215
 63218
 63220
 63222
 63226
 63229
 63232
 63234
 63237
 63240
 63243
 63245
 63249
 63252
 63254
 63256
 63260
 63263
 63266
 63268
 63271
 63274
 63277
 63279
 63283
 63286
 63288
 63290
 63294
 63297
 63300
 63302
 63305
 63308
 63311
 63312
 63316
 63319
 63322
 63323
 63327
 63330
 63333
 63334
 63338
 63341
 63344
 63345
 63349
 63352
 63354
 63356
 63360
 63363
 63365
 63367
 63371
 63374
 63376
 63378
 63382
 63385
 63387
 63389
 63393
 63395
 63398
 63400
 63404
 63406
 63409
 63411
 63415
 63417
 63420
 63422
 63426
 63428
 63431
 63433
 63436
 63439
 63442
 63444
 63447
 63450
 63453
 63455
 63458
 63461
 63464
 63466
 63469
 63472
 63475
 63477
 63480
 63483
 63485
 63487
 63491
 63493
 63496
 63497
 63501
 63504
 63506
 63508
 63511
 63514
 63517
 63518
 63522
 63524
 63527
 63529
 63532
 63535
 63538
 63539
 63543
 63545
 63548
 63550
 63553
 63556
 63558
 63560
 63564
 63566
 63569
 63570
 63574
 63577
 63579
 63581
 63584
 63587
 63590
 63591
 63595
 63598
 63600
 63602
 63605
 63608
 63611
 63612
 63616
 63618
 63621
 63623
 63626
 63629
 63631
 63633
 63637
 63639
 63642
 63644
 63647
 63650
 63652
 63654
 63657
 63660
 63662
 63664
 63667
 63670
 63672
 63674
 63677
 63680
 63682
 63684
 63687
 63690
 63692
 63694
 63697
 63700
 63702
 63704
 63707
 63710
 63712
 63714
 63717
 63720
 63722
 63724
 63727
 63730
 63732
 63734
 63737
 63740
 63742
 63744
 63747
 63750
 63752
 63754
 63757
 63760
 63762
 63764
 63767
 63770
 63772
 63774
 63777
 63780
 63782
 63784
 63787
 63790
 63792
 63794
 63797
 63800
 63802
 63804
 63807
 63809
 63812
 63813
 63816
 63819
 63821
 63823
 63826
 63828
 63831
 63832
 63836
 63838
 63840
 63842
 63845
 63848
 63850
 63851
 63855
 63857
 63859
 63861
 63864
 63867
 63869
 63870
 63874
 63876
 63879
 63880
 63883
 63886
 63888
 63890
 63893
 63895
 63898
 63899
 63903
 63905
 63907
 63909
 63912
 63914
 63917
 63918
 63922
 63924
 63926
 63928
 63931
 63934
 63936
 63937
 63941
 63943
 63946
 63947
 63950
 63953
 63955
 63957
 63960
 63962
 63964
 63966
 63969
 63971
 63973
 63975
 63978
 63980
 63983
 63984
 63987
 63989
 63992
 63993
 63996
 63999
 64001
 64002
 64005
 64008
 64010
 64011
 64015
 64017
 64019
 64020
 64024
 64026
 64028
 64030
 64033
 64035
 64037
 64039
 64042
 64044
 64046
 64048
 64051
 64053
 64056
 64057
 64060
 64062
 64065
 64066
 64069
 64072
 64074
 64075
 64078
 64081
 64083
 64084
 64088
 64090
 64092
 64093
 64097
 64099
 64101
 64103
 64106
 64108
 64110
 64111
 64114
 64117
 64119
 64120
 64123
 64125
 64128
 64129
 64132
 64134
 64136
 64138
 64141
 64143
 64145
 64146
 64149
 64152
 64154
 64155
 64158
 64160
 64163
 64164
 64167
 64169
 64171
 64173
 64176
 64178
 64180
 64181
 64184
 64187
 64189
 64190
 64193
 64195
 64198
 64199
 64202
 64204
 64206
 64208
 64211
 64213
 64215
 64216
 64219
 64222
 64224
 64225
 64228
 64230
 64233
 64234
 64237
 64239
 64241
 64243
 64246
 64248
 64250
 64251
 64254
 64256
 64258
 64259
 64262
 64264
 64266
 64267
 64270
 64272
 64274
 64276
 64279
 64281
 64283
 64284
 64287
 64289
 64291
 64292
 64295
 64297
 64299
 64300
 64303
 64305
 64307
 64309
 64312
 64314
 64316
 64317
 64320
 64322
 64324
 64325
 64328
 64330
 64332
 64333
 64336
 64338
 64340
 64342
 64345
 64347
 64349
 64350
 64353
 64355
 64357
 64358
 64361
 64363
 64365
 64366
 64369
 64371
 64373
 64375
 64377
 64379
 64381
 64382
 64385
 64387
 64389
 64390
 64393
 64395
 64397
 64398
 64401
 64403
 64405
 64406
 64409
 64411
 64413
 64414
 64417
 64418
 64420
 64421
 64424
 64426
 64428
 64429
 64432
 64434
 64436
 64437
 64440
 64442
 64444
 64445
 64448
 64450
 64452
 64453
 64456
 64458
 64459
 64460
 64463
 64465
 64467
 64468
 64471
 64473
 64475
 64476
 64479
 64481
 64483
 64484
 64487
 64489
 64491
 64492
 64495
 64497
 64499
 64500
 64502
 64504
 64506
 64507
 64510
 64512
 64513
 64514
 64517
 64519
 64521
 64522
 64524
 64526
 64528
 64529
 64532
 64534
 64536
 64536
 64539
 64541
 64543
 64544
 64547
 64548
 64550
 64551
 64554
 64556
 64558
 64559
 64561
 64563
 64565
 64566
 64569
 64571
 64572
 64573
 64576
 64578
 64580
 64581
 64583
 64585
 64587
 64588
 64591
 64593
 64595
 64595
 64598
 64600
 64602
 64603
 64606
 64607
 64609
 64610
 64613
 64615
 64617
 64618
 64620
 64622
 64624
 64624
 64627
 64629
 64631
 64631
 64634
 64636
 64638
 64638
 64641
 64643
 64645
 64645
 64648
 64650
 64651
 64652
 64655
 64657
 64658
 64659
 64662
 64664
 64665
 64666
 64669
 64671
 64672
 64673
 64676
 64677
 64679
 64680
 64683
 64684
 64686
 64687
 64690
 64691
 64693
 64694
 64697
 64698
 64700
 64701
 64703
 64705
 64707
 64708
 64710
 64712
 64714
 64715
 64717
 64719
 64721
 64722
 64724
 64726
 64728
 64729
 64731
 64733
 64734
 64735
 64738
 64739
 64741
 64741
 64744
 64746
 64747
 64748
 64750
 64752
 64754
 64754
 64757
 64758
 64760
 64761
 64763
 64765
 64767
 64767
 64770
 64771
 64773
 64774
 64776
 64778
 64779
 64780
 64783
 64784
 64786
 64786
 64789
 64791
 64792
 64793
 64795
 64797
 64799
 64799
 64802
 64804
 64805
 64806
 64808
 64810
 64812
 64812
 64815
 64816
 64818
 64819
 64821
 64823
 64824
 64825
 64828
 64829
 64831
 64832
 64834
 64836
 64837
 64838
 64840
 64842
 64843
 64844
 64846
 64848
 64849
 64850
 64852
 64854
 64855
 64856
 64858
 64860
 64861
 64862
 64864
 64866
 64867
 64868
 64870
 64872
 64873
 64874
 64876
 64878
 64879
 64880
 64883
 64884
 64886
 64886
 64889
 64890
 64892
 64892
 64895
 64896
 64898
 64898
 64901
 64902
 64904
 64904
 64907
 64908
 64910
 64910
 64913
 64914
 64916
 64916
 64919
 64920
 64922
 64922
 64925
 64926
 64928
 64929
 64931
 64932
 64934
 64934
 64937
 64938
 64939
 64940
 64942
 64944
 64945
 64945
 64948
 64949
 64951
 64951
 64953
 64955
 64956
 64957
 64959
 64960
 64962
 64962
 64965
 64966
 64967
 64968
 64970
 64972
 64973
 64974
 64976
 64977
 64979
 64979
 64982
 64983
 64984
 64985
 64987
 64989
 64990
 64990
 64993
 64994
 64996
 64996
 64998
 65000
 65001
 65002
 65004
 65005
 65007
 65007
 65010
 65011
 65012
 65013
 65015
 65017
 65018
 65019
 65021
 65022
 65023
 65024
 65026
 65027
 65028
 65029
 65031
 65032
 65034
 65034
 65036
 65037
 65039
 65039
 65041
 65043
 65044
 65044
 65046
 65048
 65049
 65049
 65052
 65053
 65054
 65054
 65057
 65058
 65059
 65060
 65062
 65063
 65064
 65065
 65067
 65068
 65069
 65070
 65072
 65073
 65075
 65075
 65077
 65078
 65080
 65080
 65082
 65084
 65085
 65085
 65087
 65089
 65090
 65090
 65093
 65094
 65095
 65095
 65098
 65099
 65100
 65101
 65103
 65104
 65105
 65105
 65107
 65109
 65110
 65110
 65112
 65113
 65114
 65115
 65117
 65118
 65119
 65119
 65121
 65123
 65124
 65124
 65126
 65127
 65128
 65129
 65131
 65132
 65133
 65133
 65135
 65137
 65138
 65138
 65140
 65141
 65143
 65143
 65145
 65146
 65147
 65147
 65150
 65151
 65152
 65152
 65154
 65155
 65157
 65157
 65159
 65160
 65161
 65161
 65164
 65165
 65166
 65166
 65168
 65169
 65171
 65171
 65173
 65174
 65175
 65176
 65178
 65179
 65180
 65180
 65182
 65183
 65184
 65184
 65186
 65187
 65188
 65188
 65191
 65192
 65193
 65193
 65195
 65196
 65197
 65197
 65199
 65200
 65201
 65201
 65203
 65205
 65206
 65206
 65208
 65209
 65210
 65210
 65212
 65213
 65214
 65214
 65216
 65217
 65219
 65219
 65221
 65222
 65223
 65223
 65225
 65226
 65227
 65227
 65229
 65230
 65231
 65232
 65234
 65235
 65236
 65236
 65238
 65239
 65240
 65240
 65242
 65243
 65244
 65245
 65246
 65247
 65248
 65248
 65250
 65251
 65252
 65252
 65254
 65255
 65256
 65256
 65258
 65259
 65260
 65260
 65262
 65263
 65264
 65264
 65266
 65266
 65267
 65267
 65269
 65270
 65271
 65271
 65273
 65274
 65275
 65275
 65277
 65278
 65279
 65279
 65281
 65282
 65283
 65283
 65285
 65286
 65286
 65286
 65288
 65289
 65290
 65290
 65292
 65293
 65294
 65294
 65296
 65297
 65298
 65298
 65300
 65301
 65302
 65302
 65304
 65305
 65306
 65306
 65307
 65308
 65309
 65309
 65311
 65312
 65312
 65312
 65314
 65315
 65316
 65316
 65317
 65318
 65319
 65319
 65321
 65322
 65323
 65322
 65324
 65325
 65326
 65326
 65328
 65328
 65329
 65329
 65331
 65332
 65333
 65333
 65334
 65335
 65336
 65336
 65338
 65339
 65339
 65339
 65341
 65342
 65343
 65343
 65344
 65345
 65346
 65346
 65348
 65349
 65350
 65349
 65351
 65352
 65353
 65353
 65355
 65355
 65356
 65356
 65358
 65359
 65360
 65360
 65361
 65362
 65363
 65362
 65364
 65365
 65366
 65365
 65367
 65368
 65368
 65368
 65370
 65371
 65371
 65371
 65373
 65373
 65374
 65374
 65376
 65376
 65377
 65377
 65378
 65379
 65380
 65380
 65381
 65382
 65383
 65383
 65384
 65385
 65386
 65385
 65387
 65388
 65389
 65388
 65390
 65391
 65391
 65391
 65393
 65394
 65394
 65394
 65396
 65396
 65397
 65397
 65399
 65399
 65400
 65400
 65401
 65402
 65403
 65403
 65404
 65405
 65406
 65406
 65407
 65408
 65408
 65408
 65410
 65410
 65411
 65411
 65412
 65413
 65413
 65413
 65415
 65415
 65416
 65416
 65417
 65418
 65418
 65418
 65420
 65420
 65421
 65421
 65422
 65423
 65423
 65423
 65425
 65425
 65426
 65426
 65427
 65428
 65428
 65428
 65430
 65430
 65431
 65431
 65432
 65433
 65433
 65433
 65435
 65435
 65436
 65436
 65437
 65438
 65438
 65438
 65440
 65440
 65441
 65441
 65442
 65443
 65443
 65443
 65445
 65445
 65446
 65446
 65447
 65448
 65448
 65448
 65449
 65450
 65450
 65450
 65451
 65452
 65452
 65452
 65453
 65454
 65454
 65454
 65455
 65456
 65456
 65456
 65457
 65458
 65458
 65458
 65459
 65460
 65460
 65460
 65461
 65462
 65462
 65462
 65463
 65464
 65464
 65464
 65465
 65466
 65466
 65466
 65467
 65468
 65468
 65468
 65469
 65470
 65470
 65470
 65471
 65472
 65472
 65472
 65473
 65474
 65474
 65474
 65475
 65476
 65476
 65476
 65477
 65478
 65478
 65478
 65479
 65479
 65480
 65479
 65480
 65481
 65481
 65481
 65482
 65482
 65483
 65482
 65484
 65484
 65484
 65484
 65485
 65486
 65486
 65485
 65487
 65487
 65487
 65487
 65488
 65489
 65489
 65488
 65490
 65490
 65491
 65490
 65491
 65492
 65492
 65492
 65493
 65493
 65494
 65493
 65495
 65495
 65495
 65495
 65496
 65496
 65497
 65496
 65498
 65498
 65498
 65498
 65499
 65500
 65500
 65499
 65501
 65501
 65502
 65501
 65502
 65503
 65503
 65503
 65504
 65504
 65504
 65504
 65505
 65505
 65505
 65505
 65506
 65506
 65507
 65506
 65507
 65507
 65508
 65507
 65508
 65509
 65509
 65508
 65509
 65510
 65510
 65509
 65511
 65511
 65511
 65510
 65512
 65512
 65512
 65512
 65513
 65513
 65513
 65513
 65514
 65514
 65514
 65514
 65515
 65515
 65516
 65515
 65516
 65516
 65517
 65516
 65517
 65518
 65518
 65517
 65518
 65519
 65519
 65518
 65520
 65520
 65520
 65519
 65521
 65521
 65521
 65521
 65522
 65522
 65522
 65521
 65522
 65523
 65523
 65522
 65523
 65523
 65523
 65523
 65524
 65524
 65524
 65523
 65524
 65525
 65525
 65524
 65525
 65525
 65525
 65525
 65526
 65526
 65526
 65525
 65526
 65527
 65527
 65526
 65527
 65527
 65528
 65527
 65528
 65528
 65528
 65527
 65529
 65529
 65529
 65528
 65529
 65529
 65530
 65529
 65530
 65530
 65530
 65529
 65531
 65531
 65531
 65530
 65531
 65531
 65532
 65531
 65532
 65532
 65532
 65532
 65533
 65533
 65533
 65532
 65533
 65533
 65533
 65532
 65533
 65533
 65533
 65532
 65533
 65533
 65533
 65533
 65534
 65534
 65534
 65533
 65534
 65534
 65534
 65533
 65534
 65534
 65534
 65533
 65534
 65534
 65534
 65534
 65535
 65535
 65535
 65534
 65535
 65535
 65535
 65534
 65535
 65535
 65535
 65534
 65535
 65535
 65535
 65535
 65536
 65536
 65536
 65535
 65536
 65536
 65536
 65535
 65536
 65536
 65536
 65535
 65536
 65536
 65536
