 0
 686
 1372
 2058
 2744
 3429
 4115
 4799
 5483
 6167
 6850
 7532
 8213
 8894
 9573
 10252
 10929
 11605
 12280
 12953
 13625
 14296
 14965
 15632
 16298
 16961
 17623
 18283
 18941
 19597
 20251
 20903
 21552
 22199
 22844
 23486
 24125
 24762
 25396
 26027
 26655
 27281
 27903
 28523
 29139
 29752
 30362
 30969
 31572
 32171
 32768
 33360
 33949
 34534
 35115
 35693
 36267
 36836
 37402
 37963
 38521
 39074
 39623
 40167
 40707
 41243
 41774
 42300
 42822
 43339
 43852
 44359
 44862
 45360
 45853
 46340
 46823
 47301
 47773
 48240
 48702
 49159
 49610
 50056
 50496
 50931
 51360
 51783
 52201
 52613
 53019
 53420
 53814
 54203
 54586
 54963
 55333
 55698
 56057
 56409
 56755
 57095
 57429
 57757
 58078
 58393
 58701
 59003
 59298
 59587
 59870
 60145
 60415
 60677
 60933
 61183
 61425
 61661
 61890
 62112
 62328
 62537
 62738
 62933
 63121
 63302
 63477
 63644
 63804
 63957
 64103
 64243
 64375
 64500
 64618
 64729
 64832
 64929
 65019
 65101
 65176
 65245
 65306
 65360
 65406
 65446
 65478
 65503
 65521
 65532
 65536
